207 52.500
191 57.500
224 62.500
238 67.500
208 72.500
188 77.500
219 82.500
190 87.500
214 92.500
218 97.500
217 102.500
233 107.500
258 112.500
247 117.500
228 122.500
237 127.500
242 132.500
262 137.500
279 142.500
312 147.500
391 152.500
428 157.500
495 162.500
447 167.500
432 172.500
521 177.500
528 182.500
513 187.500
516 192.500
597 197.500
581 202.500
642 207.500
630 212.500
624 217.500
637 222.500
636 227.500
663 232.500
653 237.500
646 242.500
708 247.500
817 252.500
755 257.500
799 262.500
773 267.500
835 272.500
857 277.500
900 282.500
851 287.500
928 292.500
912 297.500
848 302.500
859 307.500
975 312.500
1013 317.500
1059 322.500
956 327.500
1044 332.500
1115 337.500
1190 342.500
1158 347.500
1185 352.500
1288 357.500
1340 362.500
1401 367.500
1519 372.500
1609 377.500
1864 382.500
1999 387.500
2299 392.500
2714 397.500
3232 402.500
3842 407.500
4718 412.500
5629 417.500
6675 422.500
7475 427.500
8259 432.500
9020 437.500
9629 442.500
9913 447.500
9699 452.500
9250 457.500
8614 462.500
7804 467.500
7139 472.500
6479 477.500
5689 482.500
5059 487.500
4697 492.500
4535 497.500
4354 502.500
4598 507.500
4728 512.500
4749 517.500
4775 522.500
4931 527.500
4522 532.500
4298 537.500
3998 542.500
3703 547.500
3232 552.500
2860 557.500
2517 562.500
2218 567.500
2028 572.500
1742 577.500
1607 582.500
1514 587.500
1410 592.500
1499 597.500
1406 602.500
1323 607.500
1356 612.500
1395 617.500
1381 622.500
1355 627.500
1372 632.500
1385 637.500
1360 642.500
1361 647.500
1443 652.500
1436 657.500
1390 662.500
1362 667.500
1463 672.500
1419 677.500
1488 682.500
1468 687.500
1465 692.500
1560 697.500
1454 702.500
1516 707.500
1559 712.500
1476 717.500
1547 722.500
1543 727.500
1627 732.500
1672 737.500
1599 742.500
1635 747.500
1669 752.500
1676 757.500
1679 762.500
1748 767.500
1742 772.500
1760 777.500
1823 782.500
1796 787.500
2006 792.500
1946 797.500
2010 802.500
2135 807.500
2334 812.500
2355 817.500
2570 822.500
2764 827.500
3029 832.500
3353 837.500
3754 842.500
4394 847.500
5022 852.500
5954 857.500
7103 862.500
8444 867.500
10577 872.500
12590 877.500
15354 882.500
18078 887.500
21376 892.500
25093 897.500
29171 902.500
33457 907.500
37480 912.500
41738 917.500
45946 922.500
49214 927.500
52061 932.500
53649 937.500
55222 942.500
55572 947.500
55270 952.500
53613 957.500
51326 962.500
48975 967.500
45925 972.500
42922 977.500
40138 982.500
36846 987.500
34475 992.500
31612 997.500
29737 1002.500
27745 1007.500
25440 1012.500
23995 1017.500
22461 1022.500
20741 1027.500
19295 1032.500
17806 1037.500
15901 1042.500
14341 1047.500
12934 1052.500
10823 1057.500
9332 1062.500
8046 1067.500
6659 1072.500
5494 1077.500
4445 1082.500
3542 1087.500
2756 1092.500
2210 1097.500
1598 1102.500
1291 1107.500
1011 1112.500
745 1117.500
578 1122.500
478 1127.500
413 1132.500
375 1137.500
301 1142.500
266 1147.500
264 1152.500
228 1157.500
235 1162.500
216 1167.500
207 1172.500
195 1177.500
180 1182.500
178 1187.500
199 1192.500
171 1197.500
155 1202.500
180 1207.500
170 1212.500
157 1217.500
153 1222.500
169 1227.500
193 1232.500
151 1237.500
180 1242.500
163 1247.500
168 1252.500
194 1257.500
156 1262.500
186 1267.500
201 1272.500
190 1277.500
175 1282.500
182 1287.500
207 1292.500
196 1297.500
196 1302.500
193 1307.500
197 1312.500
240 1317.500
189 1322.500
190 1327.500
198 1332.500
198 1337.500
193 1342.500
194 1347.500
190 1352.500
189 1357.500
177 1362.500
186 1367.500
204 1372.500
191 1377.500
176 1382.500
188 1387.500
159 1392.500
168 1397.500
161 1402.500
161 1407.500
147 1412.500
142 1417.500
167 1422.500
148 1427.500
126 1432.500
135 1437.500
123 1442.500
137 1447.500
109 1452.500
122 1457.500
127 1462.500
85 1467.500
95 1472.500
112 1477.500
77 1482.500
68 1487.500
60 1492.500
79 1497.500
62 1502.500
56 1507.500
63 1512.500
59 1517.500
51 1522.500
40 1527.500
48 1532.500
42 1537.500
45 1542.500
48 1547.500
50 1552.500
57 1557.500
46 1562.500
86 1567.500
92 1572.500
64 1577.500
94 1582.500
102 1587.500
98 1592.500
101 1597.500
128 1602.500
123 1607.500
150 1612.500
145 1617.500
157 1622.500
174 1627.500
175 1632.500
154 1637.500
175 1642.500
190 1647.500
193 1652.500
185 1657.500
195 1662.500
194 1667.500
194 1672.500
164 1677.500
144 1682.500
147 1687.500
136 1692.500
96 1697.500
126 1702.500
104 1707.500
108 1712.500
84 1717.500
76 1722.500
46 1727.500
57 1732.500
50 1737.500
56 1742.500
43 1747.500
42 1752.500
33 1757.500
26 1762.500
30 1767.500
20 1772.500
23 1777.500
22 1782.500
15 1787.500
14 1792.500
13 1797.500
8 1802.500
9 1807.500
5 1812.500
8 1817.500
4 1822.500
4 1827.500
3 1832.500
3 1842.500
4 1847.500
1 1852.500
1 1857.500
2 1862.500
1 1872.500
1 1877.500
2 1882.500
1 1887.500
2 1892.500
4 1922.500
2 1937.500
1 1942.500
1 1947.500
2 1967.500
1 1972.500
1 1982.500
1 1987.500
2 1992.500
2 2002.500
2 2012.500
2 2017.500
2 2032.500
1 2037.500
1 2042.500
1 2047.500
1 2052.500
1 2057.500
2 2062.500
1 2067.500
2 2082.500
4 2112.500
1 2117.500
2 2142.500
3 2147.500
1 2152.500
2 2192.500
1 2202.500
1 2237.500
1 2252.500
1 2262.500
1 2297.500
1 2427.500
